{"text": "[MATH_TASK] Problem:\nArven bought five puppies for a total cost of $800. Three puppies are on sale for $150 each. How much does each of those two other puppies cost if they cost the same?\n\nSolution:", "depth": 0, "full_text": "[MATH_TASK] Problem:\nArven bought five puppies for a total cost of $800. Three puppies are on sale for $150 each. How much does each of those two other puppies cost if they cost the same?\n\nSolution:", "stop_text": "aaa", "children": [{"text": "\nThree puppies on sale cost $150 x 3 = $450.\nThe other two puppies cost $800 - $450 = $350.\nThus, each of those two other puppies cost $350/2 = $175.\n#### 175\n", "depth": 1, "full_text": "[MATH_TASK] Problem:\nArven bought five puppies for a total cost of $800. Three puppies are on sale for $150 each. How much does each of those two other puppies cost if they cost the same?\n\nSolution:\nThree puppies on sale cost $150 x 3 = $450.\nThe other two puppies cost $800 - $450 = $350.\nThus, each of those two other puppies cost $350/2 = $175.\n#### 175\n", "stop_text": null, "finish_reason": "stop", "cot_probs": -2.107570394873619, "len_probs": 77, "answer": "\nThree puppies on sale cost $150 x 3 = $450.\nThe other two puppies cost $800 - $450 = $350.\nThus, each of those two other puppies cost $350/2 = $175.\n#### 175\n"}, {"text": "\nThree puppies on sale cost $150 x 3 = $450.\nThe other two puppies cost $800 - $450 = $350.\nThus, each of those two other puppies cost $350/2 = $175.\n#### 175\n", "depth": 1, "full_text": "[MATH_TASK] Problem:\nArven bought five puppies for a total cost of $800. Three puppies are on sale for $150 each. How much does each of those two other puppies cost if they cost the same?\n\nSolution:\nThree puppies on sale cost $150 x 3 = $450.\nThe other two puppies cost $800 - $450 = $350.\nThus, each of those two other puppies cost $350/2 = $175.\n#### 175\n", "stop_text": null, "finish_reason": "stop", "cot_probs": -2.107570394873619, "len_probs": 77, "answer": "\nThree puppies on sale cost $150 x 3 = $450.\nThe other two puppies cost $800 - $450 = $350.\nThus, each of those two other puppies cost $350/2 = $175.\n#### 175\n"}, {"text": "\nThree puppies on sale cost $150 x 3 = $450.\nThe other two puppies cost $800 - $450 = $350.\nThus, each of those two other puppies cost $350/2 = $175.\n#### 175\n", "depth": 1, "full_text": "[MATH_TASK] Problem:\nArven bought five puppies for a total cost of $800. Three puppies are on sale for $150 each. How much does each of those two other puppies cost if they cost the same?\n\nSolution:\nThree puppies on sale cost $150 x 3 = $450.\nThe other two puppies cost $800 - $450 = $350.\nThus, each of those two other puppies cost $350/2 = $175.\n#### 175\n", "stop_text": null, "finish_reason": "stop", "cot_probs": -2.107570394873619, "len_probs": 77, "answer": "\nThree puppies on sale cost $150 x 3 = $450.\nThe other two puppies cost $800 - $450 = $350.\nThus, each of those two other puppies cost $350/2 = $175.\n#### 175\n"}, {"text": "\nThree puppies on sale cost $150 x 3 = $450.\nThe other two puppies cost $800 - $450 = $350.\nSo, each of those two other puppies cost $350/2 = $175.\n#### 175\n", "depth": 1, "full_text": "[MATH_TASK] Problem:\nArven bought five puppies for a total cost of $800. Three puppies are on sale for $150 each. How much does each of those two other puppies cost if they cost the same?\n\nSolution:\nThree puppies on sale cost $150 x 3 = $450.\nThe other two puppies cost $800 - $450 = $350.\nSo, each of those two other puppies cost $350/2 = $175.\n#### 175\n", "stop_text": null, "finish_reason": "stop", "cot_probs": -2.654330000281334, "len_probs": 76, "answer": "\nThree puppies on sale cost $150 x 3 = $450.\nThe other two puppies cost $800 - $450 = $350.\nSo, each of those two other puppies cost $350/2 = $175.\n#### 175\n"}, {"text": "\nThree puppies on sale cost $150 x 3 = $450.\nThe other two puppies cost $800 - $450 = $350.\nSo, each of those two puppies cost $350/2 = $175.\n#### 175\n", "depth": 1, "full_text": "[MATH_TASK] Problem:\nArven bought five puppies for a total cost of $800. Three puppies are on sale for $150 each. How much does each of those two other puppies cost if they cost the same?\n\nSolution:\nThree puppies on sale cost $150 x 3 = $450.\nThe other two puppies cost $800 - $450 = $350.\nSo, each of those two puppies cost $350/2 = $175.\n#### 175\n", "stop_text": null, "finish_reason": "stop", "cot_probs": -2.654330000281334, "len_probs": 75, "answer": "\nThree puppies on sale cost $150 x 3 = $450.\nThe other two puppies cost $800 - $450 = $350.\nSo, each of those two puppies cost $350/2 = $175.\n#### 175\n"}, {"text": "\nThree puppies on sale cost $150 x 3 = $450.\nThe remaining two puppies cost $800 - $450 = $350.\nSo, each of those two puppies cost $350/2 = $175.\n#### 175\n", "depth": 1, "full_text": "[MATH_TASK] Problem:\nArven bought five puppies for a total cost of $800. Three puppies are on sale for $150 each. How much does each of those two other puppies cost if they cost the same?\n\nSolution:\nThree puppies on sale cost $150 x 3 = $450.\nThe remaining two puppies cost $800 - $450 = $350.\nSo, each of those two puppies cost $350/2 = $175.\n#### 175\n", "stop_text": null, "finish_reason": "stop", "cot_probs": -3.1780286878347397, "len_probs": 75, "answer": "\nThree puppies on sale cost $150 x 3 = $450.\nThe remaining two puppies cost $800 - $450 = $350.\nSo, each of those two puppies cost $350/2 = $175.\n#### 175\n"}, {"text": "\nThree puppies on sale cost $150 x 3 = $450.\nThe remaining two puppies cost $800 - $450 = $350.\nSo, each of those two puppies cost $350/2 = $175.\n#### 175\n", "depth": 1, "full_text": "[MATH_TASK] Problem:\nArven bought five puppies for a total cost of $800. Three puppies are on sale for $150 each. How much does each of those two other puppies cost if they cost the same?\n\nSolution:\nThree puppies on sale cost $150 x 3 = $450.\nThe remaining two puppies cost $800 - $450 = $350.\nSo, each of those two puppies cost $350/2 = $175.\n#### 175\n", "stop_text": null, "finish_reason": "stop", "cot_probs": -3.1780286878347397, "len_probs": 75, "answer": "\nThree puppies on sale cost $150 x 3 = $450.\nThe remaining two puppies cost $800 - $450 = $350.\nSo, each of those two puppies cost $350/2 = $175.\n#### 175\n"}, {"text": "\nThree puppies on sale cost 3 x $150 = $450.\nThe other two puppies cost $800 - $450 = $350.\nThus, each of those two puppies cost $350/2 = $175.\n#### 175\n", "depth": 1, "full_text": "[MATH_TASK] Problem:\nArven bought five puppies for a total cost of $800. Three puppies are on sale for $150 each. How much does each of those two other puppies cost if they cost the same?\n\nSolution:\nThree puppies on sale cost 3 x $150 = $450.\nThe other two puppies cost $800 - $450 = $350.\nThus, each of those two puppies cost $350/2 = $175.\n#### 175\n", "stop_text": null, "finish_reason": "stop", "cot_probs": -3.6750885397195816, "len_probs": 76, "answer": "\nThree puppies on sale cost 3 x $150 = $450.\nThe other two puppies cost $800 - $450 = $350.\nThus, each of those two puppies cost $350/2 = $175.\n#### 175\n"}, {"text": "\nThree puppies cost $150 x 3 = $450.\nThe other two puppies cost $800 - $450 = $350.\nThus, each of those two puppies costs $350/2 = $175.\n#### 175\n", "depth": 1, "full_text": "[MATH_TASK] Problem:\nArven bought five puppies for a total cost of $800. Three puppies are on sale for $150 each. How much does each of those two other puppies cost if they cost the same?\n\nSolution:\nThree puppies cost $150 x 3 = $450.\nThe other two puppies cost $800 - $450 = $350.\nThus, each of those two puppies costs $350/2 = $175.\n#### 175\n", "stop_text": null, "finish_reason": "stop", "cot_probs": -4.799951523542404, "len_probs": 74, "answer": "\nThree puppies cost $150 x 3 = $450.\nThe other two puppies cost $800 - $450 = $350.\nThus, each of those two puppies costs $350/2 = $175.\n#### 175\n"}, {"text": "\nThree puppies on sale cost $150 x 3 = $450.\nThe remaining two puppies cost $800 - $450 = $350.\nSo, each of those two other puppies cost $350/2 = $175.\n#### 175\n", "depth": 1, "full_text": "[MATH_TASK] Problem:\nArven bought five puppies for a total cost of $800. Three puppies are on sale for $150 each. How much does each of those two other puppies cost if they cost the same?\n\nSolution:\nThree puppies on sale cost $150 x 3 = $450.\nThe remaining two puppies cost $800 - $450 = $350.\nSo, each of those two other puppies cost $350/2 = $175.\n#### 175\n", "stop_text": null, "finish_reason": "stop", "cot_probs": -4.9280286729335785, "len_probs": 76, "answer": "\nThree puppies on sale cost $150 x 3 = $450.\nThe remaining two puppies cost $800 - $450 = $350.\nSo, each of those two other puppies cost $350/2 = $175.\n#### 175\n"}, {"text": "\nThree puppies on sale cost 3 x $150 = $450.\nThe other two puppies cost $800 - $450 = $350.\nTherefore, each of those two other puppies cost $350/2 = $175.\n#### 175\n", "depth": 1, "full_text": "[MATH_TASK] Problem:\nArven bought five puppies for a total cost of $800. Three puppies are on sale for $150 each. How much does each of those two other puppies cost if they cost the same?\n\nSolution:\nThree puppies on sale cost 3 x $150 = $450.\nThe other two puppies cost $800 - $450 = $350.\nTherefore, each of those two other puppies cost $350/2 = $175.\n#### 175\n", "stop_text": null, "finish_reason": "stop", "cot_probs": -5.708538502454758, "len_probs": 77, "answer": "\nThree puppies on sale cost 3 x $150 = $450.\nThe other two puppies cost $800 - $450 = $350.\nTherefore, each of those two other puppies cost $350/2 = $175.\n#### 175\n"}, {"text": "\nThree puppies on sale cost 3 x $150 = $450.\nThe other two puppies cost $800 - $450 = $350.\nTherefore, each of those two other puppies cost $350/2 = $175.\n#### 175\n", "depth": 1, "full_text": "[MATH_TASK] Problem:\nArven bought five puppies for a total cost of $800. Three puppies are on sale for $150 each. How much does each of those two other puppies cost if they cost the same?\n\nSolution:\nThree puppies on sale cost 3 x $150 = $450.\nThe other two puppies cost $800 - $450 = $350.\nTherefore, each of those two other puppies cost $350/2 = $175.\n#### 175\n", "stop_text": null, "finish_reason": "stop", "cot_probs": -5.708538502454758, "len_probs": 77, "answer": "\nThree puppies on sale cost 3 x $150 = $450.\nThe other two puppies cost $800 - $450 = $350.\nTherefore, each of those two other puppies cost $350/2 = $175.\n#### 175\n"}, {"text": "\nThree puppies on sale cost 3 x $150 = $450.\nThe other two puppies cost $800 - $450 = $350.\nTherefore, each of the other two puppies cost $350/2 = $175.\n#### 175\n", "depth": 1, "full_text": "[MATH_TASK] Problem:\nArven bought five puppies for a total cost of $800. Three puppies are on sale for $150 each. How much does each of those two other puppies cost if they cost the same?\n\nSolution:\nThree puppies on sale cost 3 x $150 = $450.\nThe other two puppies cost $800 - $450 = $350.\nTherefore, each of the other two puppies cost $350/2 = $175.\n#### 175\n", "stop_text": null, "finish_reason": "stop", "cot_probs": -5.808471888303757, "len_probs": 77, "answer": "\nThree puppies on sale cost 3 x $150 = $450.\nThe other two puppies cost $800 - $450 = $350.\nTherefore, each of the other two puppies cost $350/2 = $175.\n#### 175\n"}, {"text": "\nThree puppies on sale cost 3 x $150 = $450.\nThe remaining two puppies cost $800 - $450 = $350.\nThus, each of those two puppies costs $350/2 = $175.\n#### 175\n", "depth": 1, "full_text": "[MATH_TASK] Problem:\nArven bought five puppies for a total cost of $800. Three puppies are on sale for $150 each. How much does each of those two other puppies cost if they cost the same?\n\nSolution:\nThree puppies on sale cost 3 x $150 = $450.\nThe remaining two puppies cost $800 - $450 = $350.\nThus, each of those two puppies costs $350/2 = $175.\n#### 175\n", "stop_text": null, "finish_reason": "stop", "cot_probs": -6.029984459280968, "len_probs": 76, "answer": "\nThree puppies on sale cost 3 x $150 = $450.\nThe remaining two puppies cost $800 - $450 = $350.\nThus, each of those two puppies costs $350/2 = $175.\n#### 175\n"}, {"text": "\nThree puppies cost $150 x 3 = $450.\nThe other two puppies cost $800 - $450 = $350.\nThus, each of those two other puppies cost $350/2 = $175.\n#### 175\n", "depth": 1, "full_text": "[MATH_TASK] Problem:\nArven bought five puppies for a total cost of $800. Three puppies are on sale for $150 each. How much does each of those two other puppies cost if they cost the same?\n\nSolution:\nThree puppies cost $150 x 3 = $450.\nThe other two puppies cost $800 - $450 = $350.\nThus, each of those two other puppies cost $350/2 = $175.\n#### 175\n", "stop_text": null, "finish_reason": "stop", "cot_probs": -6.299951523542404, "len_probs": 75, "answer": "\nThree puppies cost $150 x 3 = $450.\nThe other two puppies cost $800 - $450 = $350.\nThus, each of those two other puppies cost $350/2 = $175.\n#### 175\n"}, {"text": "\nThree puppies on sale cost 3*150 = $450.\nThe other two puppies cost 800-450 = $350.\nSo, each of those two puppies cost 350/2 = $175.\n#### 175\n", "depth": 1, "full_text": "[MATH_TASK] Problem:\nArven bought five puppies for a total cost of $800. Three puppies are on sale for $150 each. How much does each of those two other puppies cost if they cost the same?\n\nSolution:\nThree puppies on sale cost 3*150 = $450.\nThe other two puppies cost 800-450 = $350.\nSo, each of those two puppies cost 350/2 = $175.\n#### 175\n", "stop_text": null, "finish_reason": "stop", "cot_probs": -6.325945615768433, "len_probs": 73, "answer": "\nThree puppies on sale cost 3*150 = $450.\nThe other two puppies cost 800-450 = $350.\nSo, each of those two puppies cost 350/2 = $175.\n#### 175\n"}]}