{"text": "[MATH_TASK] Problem:\nArven bought five puppies for a total cost of $800. Three puppies are on sale for $150 each. How much does each of those two other puppies cost if they cost the same?\n\nSolution:", "depth": 0, "full_text": "[MATH_TASK] Problem:\nArven bought five puppies for a total cost of $800. Three puppies are on sale for $150 each. How much does each of those two other puppies cost if they cost the same?\n\nSolution:", "stop_text": "aaa", "children": [{"text": "\nThree puppies on sale cost $150 x 3 = $450.\nThe other two puppies cost $800 - $450 = $350.\nSo, each of those two other puppies cost $350/2= $175.\n#### 175\n", "depth": 1, "full_text": "[MATH_TASK] Problem:\nArven bought five puppies for a total cost of $800. Three puppies are on sale for $150 each. How much does each of those two other puppies cost if they cost the same?\n\nSolution:\nThree puppies on sale cost $150 x 3 = $450.\nThe other two puppies cost $800 - $450 = $350.\nSo, each of those two other puppies cost $350/2= $175.\n#### 175\n", "stop_text": null, "finish_reason": "stop", "cot_probs": -2.6027998328208923, "len_probs": 76, "answer": "\nThree puppies on sale cost $150 x 3 = $450.\nThe other two puppies cost $800 - $450 = $350.\nSo, each of those two other puppies cost $350/2= $175.\n#### 175\n"}, {"text": "\nThree puppies on sale cost $150 x 3 = $450.\nThe other two puppies cost $800 - $450 = $350.\nSo, each of those two other puppies cost $350/2= $175.\n#### 175\n", "depth": 1, "full_text": "[MATH_TASK] Problem:\nArven bought five puppies for a total cost of $800. Three puppies are on sale for $150 each. How much does each of those two other puppies cost if they cost the same?\n\nSolution:\nThree puppies on sale cost $150 x 3 = $450.\nThe other two puppies cost $800 - $450 = $350.\nSo, each of those two other puppies cost $350/2= $175.\n#### 175\n", "stop_text": null, "finish_reason": "stop", "cot_probs": -2.6027998328208923, "len_probs": 76, "answer": "\nThree puppies on sale cost $150 x 3 = $450.\nThe other two puppies cost $800 - $450 = $350.\nSo, each of those two other puppies cost $350/2= $175.\n#### 175\n"}, {"text": "\nThree puppies on sale cost 3*150 = $450.\nThe other two puppies cost 800-450 = $350.\nTherefore, each of the other two puppies cost 350/2 = $175.\n#### 175\n", "depth": 1, "full_text": "[MATH_TASK] Problem:\nArven bought five puppies for a total cost of $800. Three puppies are on sale for $150 each. How much does each of those two other puppies cost if they cost the same?\n\nSolution:\nThree puppies on sale cost 3*150 = $450.\nThe other two puppies cost 800-450 = $350.\nTherefore, each of the other two puppies cost 350/2 = $175.\n#### 175\n", "stop_text": null, "finish_reason": "stop", "cot_probs": -3.049396738409996, "len_probs": 75, "answer": "\nThree puppies on sale cost 3*150 = $450.\nThe other two puppies cost 800-450 = $350.\nTherefore, each of the other two puppies cost 350/2 = $175.\n#### 175\n"}, {"text": "\nThree puppies on sale cost $150 x 3 = $450.\nThe other two puppies cost $800 - $450 = $350.\nThus, each of those two other puppies cost $350/2= $175.\n#### 175\n", "depth": 1, "full_text": "[MATH_TASK] Problem:\nArven bought five puppies for a total cost of $800. Three puppies are on sale for $150 each. How much does each of those two other puppies cost if they cost the same?\n\nSolution:\nThree puppies on sale cost $150 x 3 = $450.\nThe other two puppies cost $800 - $450 = $350.\nThus, each of those two other puppies cost $350/2= $175.\n#### 175\n", "stop_text": null, "finish_reason": "stop", "cot_probs": -3.061610534787178, "len_probs": 77, "answer": "\nThree puppies on sale cost $150 x 3 = $450.\nThe other two puppies cost $800 - $450 = $350.\nThus, each of those two other puppies cost $350/2= $175.\n#### 175\n"}, {"text": "\nThree puppies on sale cost 3*150 = $450.\nThe other two puppies cost 800-450 = $350.\nThe other two puppies cost 350/2 = $175 each.\n#### 175\n", "depth": 1, "full_text": "[MATH_TASK] Problem:\nArven bought five puppies for a total cost of $800. Three puppies are on sale for $150 each. How much does each of those two other puppies cost if they cost the same?\n\nSolution:\nThree puppies on sale cost 3*150 = $450.\nThe other two puppies cost 800-450 = $350.\nThe other two puppies cost 350/2 = $175 each.\n#### 175\n", "stop_text": null, "finish_reason": "stop", "cot_probs": -3.7234572619199753, "len_probs": 71, "answer": "\nThree puppies on sale cost 3*150 = $450.\nThe other two puppies cost 800-450 = $350.\nThe other two puppies cost 350/2 = $175 each.\n#### 175\n"}, {"text": "\nThree puppies on sale cost $150 x 3 = $450.\nThe other two puppies cost $800 - $450 = $350.\nSo, each of those two puppies cost $350/2= $175.\n#### 175\n", "depth": 1, "full_text": "[MATH_TASK] Problem:\nArven bought five puppies for a total cost of $800. Three puppies are on sale for $150 each. How much does each of those two other puppies cost if they cost the same?\n\nSolution:\nThree puppies on sale cost $150 x 3 = $450.\nThe other two puppies cost $800 - $450 = $350.\nSo, each of those two puppies cost $350/2= $175.\n#### 175\n", "stop_text": null, "finish_reason": "stop", "cot_probs": -3.811610594391823, "len_probs": 75, "answer": "\nThree puppies on sale cost $150 x 3 = $450.\nThe other two puppies cost $800 - $450 = $350.\nSo, each of those two puppies cost $350/2= $175.\n#### 175\n"}, {"text": "\nThree puppies on sale cost $150 x 3 = $450.\nThe other two puppies cost $800 - $450 = $350.\nSo, each of those two puppies cost $350/2= $175.\n#### 175\n", "depth": 1, "full_text": "[MATH_TASK] Problem:\nArven bought five puppies for a total cost of $800. Three puppies are on sale for $150 each. How much does each of those two other puppies cost if they cost the same?\n\nSolution:\nThree puppies on sale cost $150 x 3 = $450.\nThe other two puppies cost $800 - $450 = $350.\nSo, each of those two puppies cost $350/2= $175.\n#### 175\n", "stop_text": null, "finish_reason": "stop", "cot_probs": -3.811610594391823, "len_probs": 75, "answer": "\nThree puppies on sale cost $150 x 3 = $450.\nThe other two puppies cost $800 - $450 = $350.\nSo, each of those two puppies cost $350/2= $175.\n#### 175\n"}, {"text": "\nThree puppies on sale cost $150 x 3 = $450.\nThe other two puppies cost $800 - $450 = $350.\nSo, each of those two other puppies cost $350/2 = $175.\n#### 175\n", "depth": 1, "full_text": "[MATH_TASK] Problem:\nArven bought five puppies for a total cost of $800. Three puppies are on sale for $150 each. How much does each of those two other puppies cost if they cost the same?\n\nSolution:\nThree puppies on sale cost $150 x 3 = $450.\nThe other two puppies cost $800 - $450 = $350.\nSo, each of those two other puppies cost $350/2 = $175.\n#### 175\n", "stop_text": null, "finish_reason": "stop", "cot_probs": -4.102799892425537, "len_probs": 76, "answer": "\nThree puppies on sale cost $150 x 3 = $450.\nThe other two puppies cost $800 - $450 = $350.\nSo, each of those two other puppies cost $350/2 = $175.\n#### 175\n"}, {"text": "\nThree puppies on sale cost $150 x 3 = $450.\nThe other two puppies cost $800 \u2013 $450 = $350.\nSo, each of those two other puppies cost $350/2= $175.\n#### 175\n", "depth": 1, "full_text": "[MATH_TASK] Problem:\nArven bought five puppies for a total cost of $800. Three puppies are on sale for $150 each. How much does each of those two other puppies cost if they cost the same?\n\nSolution:\nThree puppies on sale cost $150 x 3 = $450.\nThe other two puppies cost $800 \u2013 $450 = $350.\nSo, each of those two other puppies cost $350/2= $175.\n#### 175\n", "stop_text": null, "finish_reason": "stop", "cot_probs": -4.175757974386215, "len_probs": 76, "answer": "\nThree puppies on sale cost $150 x 3 = $450.\nThe other two puppies cost $800 \u2013 $450 = $350.\nSo, each of those two other puppies cost $350/2= $175.\n#### 175\n"}, {"text": "\nThree puppies on sale cost $150 x 3 = $450.\nThe other two puppies cost $800 \u2013 $450 = $350.\nThus, each of those two other puppies cost $350/2 = $175.\n#### 175\n", "depth": 1, "full_text": "[MATH_TASK] Problem:\nArven bought five puppies for a total cost of $800. Three puppies are on sale for $150 each. How much does each of those two other puppies cost if they cost the same?\n\nSolution:\nThree puppies on sale cost $150 x 3 = $450.\nThe other two puppies cost $800 \u2013 $450 = $350.\nThus, each of those two other puppies cost $350/2 = $175.\n#### 175\n", "stop_text": null, "finish_reason": "stop", "cot_probs": -5.7623728066682816, "len_probs": 77, "answer": "\nThree puppies on sale cost $150 x 3 = $450.\nThe other two puppies cost $800 \u2013 $450 = $350.\nThus, each of those two other puppies cost $350/2 = $175.\n#### 175\n"}, {"text": "\nThree puppies on sale cost 3*150 = $450.\nThe total cost for all five puppies is 800-450 = $350.\nIf the other two puppies cost the same, they cost (350/2) = $175 each.\n#### 175\n", "depth": 1, "full_text": "[MATH_TASK] Problem:\nArven bought five puppies for a total cost of $800. Three puppies are on sale for $150 each. How much does each of those two other puppies cost if they cost the same?\n\nSolution:\nThree puppies on sale cost 3*150 = $450.\nThe total cost for all five puppies is 800-450 = $350.\nIf the other two puppies cost the same, they cost (350/2) = $175 each.\n#### 175\n", "stop_text": null, "finish_reason": "stop", "cot_probs": -5.7955920696258545, "len_probs": 81, "answer": "\nThree puppies on sale cost 3*150 = $450.\nThe total cost for all five puppies is 800-450 = $350.\nIf the other two puppies cost the same, they cost (350/2) = $175 each.\n#### 175\n"}, {"text": "\nThree puppies on sale cost 3 * $150 = $450.\nThe other two puppies cost $800 - $450 = $350.\nThus, each of those two other puppies cost $350/2 = $175.\n#### 175\n", "depth": 1, "full_text": "[MATH_TASK] Problem:\nArven bought five puppies for a total cost of $800. Three puppies are on sale for $150 each. How much does each of those two other puppies cost if they cost the same?\n\nSolution:\nThree puppies on sale cost 3 * $150 = $450.\nThe other two puppies cost $800 - $450 = $350.\nThus, each of those two other puppies cost $350/2 = $175.\n#### 175\n", "stop_text": null, "finish_reason": "stop", "cot_probs": -6.021271750330925, "len_probs": 77, "answer": "\nThree puppies on sale cost 3 * $150 = $450.\nThe other two puppies cost $800 - $450 = $350.\nThus, each of those two other puppies cost $350/2 = $175.\n#### 175\n"}, {"text": "\nThree puppies on sale cost 3*150 = $450\nThe other two puppies cost 800-450 = $350\nIf they cost the same, each puppy costs 350/2 = $175\n#### 175\n", "depth": 1, "full_text": "[MATH_TASK] Problem:\nArven bought five puppies for a total cost of $800. Three puppies are on sale for $150 each. How much does each of those two other puppies cost if they cost the same?\n\nSolution:\nThree puppies on sale cost 3*150 = $450\nThe other two puppies cost 800-450 = $350\nIf they cost the same, each puppy costs 350/2 = $175\n#### 175\n", "stop_text": null, "finish_reason": "stop", "cot_probs": -6.222660675644875, "len_probs": 70, "answer": "\nThree puppies on sale cost 3*150 = $450\nThe other two puppies cost 800-450 = $350\nIf they cost the same, each puppy costs 350/2 = $175\n#### 175\n"}, {"text": "\nThree puppies on sale cost 3 * $150 = $450.\nThe other two puppies cost 800 - 450 = $350.\nTherefore, each of the other two puppies cost 350/2= $175.\n#### 175\n", "depth": 1, "full_text": "[MATH_TASK] Problem:\nArven bought five puppies for a total cost of $800. Three puppies are on sale for $150 each. How much does each of those two other puppies cost if they cost the same?\n\nSolution:\nThree puppies on sale cost 3 * $150 = $450.\nThe other two puppies cost 800 - 450 = $350.\nTherefore, each of the other two puppies cost 350/2= $175.\n#### 175\n", "stop_text": null, "finish_reason": "stop", "cot_probs": -7.228378280997276, "len_probs": 77, "answer": "\nThree puppies on sale cost 3 * $150 = $450.\nThe other two puppies cost 800 - 450 = $350.\nTherefore, each of the other two puppies cost 350/2= $175.\n#### 175\n"}, {"text": "\nThree puppies cost $150 x 3 = $450.\nThe other two puppies cost $800 \u2013 $450 = $350.\nThus, each of the other two puppies cost $350/2= $175.\n#### 175\n", "depth": 1, "full_text": "[MATH_TASK] Problem:\nArven bought five puppies for a total cost of $800. Three puppies are on sale for $150 each. How much does each of those two other puppies cost if they cost the same?\n\nSolution:\nThree puppies cost $150 x 3 = $450.\nThe other two puppies cost $800 \u2013 $450 = $350.\nThus, each of the other two puppies cost $350/2= $175.\n#### 175\n", "stop_text": null, "finish_reason": "stop", "cot_probs": -7.7399356961250305, "len_probs": 75, "answer": "\nThree puppies cost $150 x 3 = $450.\nThe other two puppies cost $800 \u2013 $450 = $350.\nThus, each of the other two puppies cost $350/2= $175.\n#### 175\n"}, {"text": "\nThree puppies cost 3 * $150 = $450.\nThe other two puppies cost $800 - $450 = $350.\nTherefore, each of those two other puppies cost $350/2 = $175.\n#### 175\n", "depth": 1, "full_text": "[MATH_TASK] Problem:\nArven bought five puppies for a total cost of $800. Three puppies are on sale for $150 each. How much does each of those two other puppies cost if they cost the same?\n\nSolution:\nThree puppies cost 3 * $150 = $450.\nThe other two puppies cost $800 - $450 = $350.\nTherefore, each of those two other puppies cost $350/2 = $175.\n#### 175\n", "stop_text": null, "finish_reason": "stop", "cot_probs": -10.850220635533333, "len_probs": 75, "answer": "\nThree puppies cost 3 * $150 = $450.\nThe other two puppies cost $800 - $450 = $350.\nTherefore, each of those two other puppies cost $350/2 = $175.\n#### 175\n"}]}