{"text": "[MATH_TASK] Problem:\nEmma has saved $230 in her bank account. She withdrew $60 to buy a new pair of shoes. The next week, she deposited twice as much money as she withdrew. How much is in her bank account now?\n\nSolution:", "depth": 0, "full_text": "[MATH_TASK] Problem:\nEmma has saved $230 in her bank account. She withdrew $60 to buy a new pair of shoes. The next week, she deposited twice as much money as she withdrew. How much is in her bank account now?\n\nSolution:", "stop_text": "aaa", "children": [{"text": "\nAfter withdrawing money, Emma had $230 - $60 = $170.\nEmma deposited $60 x 2 = $120 the next week.\nTherefore, she has a total now of $170 + $120 = $290.\n#### 290\n", "depth": 1, "full_text": "[MATH_TASK] Problem:\nEmma has saved $230 in her bank account. She withdrew $60 to buy a new pair of shoes. The next week, she deposited twice as much money as she withdrew. How much is in her bank account now?\n\nSolution:\nAfter withdrawing money, Emma had $230 - $60 = $170.\nEmma deposited $60 x 2 = $120 the next week.\nTherefore, she has a total now of $170 + $120 = $290.\n#### 290\n", "stop_text": null, "finish_reason": "stop", "cot_probs": -4.214814394712448, "len_probs": 75, "answer": "\nAfter withdrawing money, Emma had $230 - $60 = $170.\nEmma deposited $60 x 2 = $120 the next week.\nTherefore, she has a total now of $170 + $120 = $290.\n#### 290\n"}, {"text": "\nAfter withdrawing money, Emma had $230 - $60 = $170.\nThe next week, she deposited 2 * $60 = $120.\nThus, she now has a total of $170 + $120 = $290.\n#### 290\n", "depth": 1, "full_text": "[MATH_TASK] Problem:\nEmma has saved $230 in her bank account. She withdrew $60 to buy a new pair of shoes. The next week, she deposited twice as much money as she withdrew. How much is in her bank account now?\n\nSolution:\nAfter withdrawing money, Emma had $230 - $60 = $170.\nThe next week, she deposited 2 * $60 = $120.\nThus, she now has a total of $170 + $120 = $290.\n#### 290\n", "stop_text": null, "finish_reason": "stop", "cot_probs": -5.70470467954874, "len_probs": 75, "answer": "\nAfter withdrawing money, Emma had $230 - $60 = $170.\nThe next week, she deposited 2 * $60 = $120.\nThus, she now has a total of $170 + $120 = $290.\n#### 290\n"}, {"text": "\nAfter withdrawing money, Emma had $230 - $60 = $170.\nEmma deposited $60 x 2 = $120 the next week.\nSo, she has $170 + $120 = $290 in her bank account now.\n#### 290\n", "depth": 1, "full_text": "[MATH_TASK] Problem:\nEmma has saved $230 in her bank account. She withdrew $60 to buy a new pair of shoes. The next week, she deposited twice as much money as she withdrew. How much is in her bank account now?\n\nSolution:\nAfter withdrawing money, Emma had $230 - $60 = $170.\nEmma deposited $60 x 2 = $120 the next week.\nSo, she has $170 + $120 = $290 in her bank account now.\n#### 290\n", "stop_text": null, "finish_reason": "stop", "cot_probs": -6.4075047224760056, "len_probs": 75, "answer": "\nAfter withdrawing money, Emma had $230 - $60 = $170.\nEmma deposited $60 x 2 = $120 the next week.\nSo, she has $170 + $120 = $290 in her bank account now.\n#### 290\n"}, {"text": "\nAfter withdrawing money, Emma had $230 - $60 = $170.\nShe then deposited $60 x 2 = $120.\nTherefore, she now has a total of $170 + $120 = $290.\n#### 290\n", "depth": 1, "full_text": "[MATH_TASK] Problem:\nEmma has saved $230 in her bank account. She withdrew $60 to buy a new pair of shoes. The next week, she deposited twice as much money as she withdrew. How much is in her bank account now?\n\nSolution:\nAfter withdrawing money, Emma had $230 - $60 = $170.\nShe then deposited $60 x 2 = $120.\nTherefore, she now has a total of $170 + $120 = $290.\n#### 290\n", "stop_text": null, "finish_reason": "stop", "cot_probs": -7.2379864901304245, "len_probs": 72, "answer": "\nAfter withdrawing money, Emma had $230 - $60 = $170.\nShe then deposited $60 x 2 = $120.\nTherefore, she now has a total of $170 + $120 = $290.\n#### 290\n"}, {"text": "\nAfter withdrawing money, Emma had $230 - $60 = $170.\nEmma deposited $60 x 2 = $120 the next week.\nSo, she had a total money after depositing, $170 + $120 = $290.\nTherefore, Emma has $290 in her bank account now.\n#### 290\n", "depth": 1, "full_text": "[MATH_TASK] Problem:\nEmma has saved $230 in her bank account. She withdrew $60 to buy a new pair of shoes. The next week, she deposited twice as much money as she withdrew. How much is in her bank account now?\n\nSolution:\nAfter withdrawing money, Emma had $230 - $60 = $170.\nEmma deposited $60 x 2 = $120 the next week.\nSo, she had a total money after depositing, $170 + $120 = $290.\nTherefore, Emma has $290 in her bank account now.\n#### 290\n", "stop_text": null, "finish_reason": "stop", "cot_probs": -7.791094623506069, "len_probs": 93, "answer": "\nAfter withdrawing money, Emma had $230 - $60 = $170.\nEmma deposited $60 x 2 = $120 the next week.\nSo, she had a total money after depositing, $170 + $120 = $290.\nTherefore, Emma has $290 in her bank account now.\n#### 290\n"}, {"text": "\nAfter withdrawing money, Emma had $230 - $60 = $170.\nEmma deposited $60 x 2 = $120 the next week.\nSo, she had $170 + $120 = $290 after the deposit.\nThus, she now has $290.\n#### 290\n", "depth": 1, "full_text": "[MATH_TASK] Problem:\nEmma has saved $230 in her bank account. She withdrew $60 to buy a new pair of shoes. The next week, she deposited twice as much money as she withdrew. How much is in her bank account now?\n\nSolution:\nAfter withdrawing money, Emma had $230 - $60 = $170.\nEmma deposited $60 x 2 = $120 the next week.\nSo, she had $170 + $120 = $290 after the deposit.\nThus, she now has $290.\n#### 290\n", "stop_text": null, "finish_reason": "stop", "cot_probs": -8.315507963299751, "len_probs": 86, "answer": "\nAfter withdrawing money, Emma had $230 - $60 = $170.\nEmma deposited $60 x 2 = $120 the next week.\nSo, she had $170 + $120 = $290 after the deposit.\nThus, she now has $290.\n#### 290\n"}, {"text": "\nAfter withdrawing money, Emma had $230 - $60 = $170.\nShe then deposited 2 * $60 = $120.\nThus, she had a total of $170 + $120 = $290.\n#### 290\n", "depth": 1, "full_text": "[MATH_TASK] Problem:\nEmma has saved $230 in her bank account. She withdrew $60 to buy a new pair of shoes. The next week, she deposited twice as much money as she withdrew. How much is in her bank account now?\n\nSolution:\nAfter withdrawing money, Emma had $230 - $60 = $170.\nShe then deposited 2 * $60 = $120.\nThus, she had a total of $170 + $120 = $290.\n#### 290\n", "stop_text": null, "finish_reason": "stop", "cot_probs": -8.93223486840725, "len_probs": 71, "answer": "\nAfter withdrawing money, Emma had $230 - $60 = $170.\nShe then deposited 2 * $60 = $120.\nThus, she had a total of $170 + $120 = $290.\n#### 290\n"}, {"text": "\nAfter withdrawing money, Emma had $230 - $60 = $170.\nShe then deposited $60 x 2 = $120.\nTherefore, she has a total of $170 + $120 = $290.\n#### 290\n", "depth": 1, "full_text": "[MATH_TASK] Problem:\nEmma has saved $230 in her bank account. She withdrew $60 to buy a new pair of shoes. The next week, she deposited twice as much money as she withdrew. How much is in her bank account now?\n\nSolution:\nAfter withdrawing money, Emma had $230 - $60 = $170.\nShe then deposited $60 x 2 = $120.\nTherefore, she has a total of $170 + $120 = $290.\n#### 290\n", "stop_text": null, "finish_reason": "stop", "cot_probs": -9.156432256102562, "len_probs": 71, "answer": "\nAfter withdrawing money, Emma had $230 - $60 = $170.\nShe then deposited $60 x 2 = $120.\nTherefore, she has a total of $170 + $120 = $290.\n#### 290\n"}, {"text": "\nAfter withdrawing money, Emma had $230 - $60 = $170.\nEmma deposited $60 x 2 = $120 the next week.\nSo, she had a total after depositing her money: $170 + $120 = $290.\nNow, Emma has $290 in her bank account.\n#### 290\n", "depth": 1, "full_text": "[MATH_TASK] Problem:\nEmma has saved $230 in her bank account. She withdrew $60 to buy a new pair of shoes. The next week, she deposited twice as much money as she withdrew. How much is in her bank account now?\n\nSolution:\nAfter withdrawing money, Emma had $230 - $60 = $170.\nEmma deposited $60 x 2 = $120 the next week.\nSo, she had a total after depositing her money: $170 + $120 = $290.\nNow, Emma has $290 in her bank account.\n#### 290\n", "stop_text": null, "finish_reason": "stop", "cot_probs": -9.2445677369833, "len_probs": 92, "answer": "\nAfter withdrawing money, Emma had $230 - $60 = $170.\nEmma deposited $60 x 2 = $120 the next week.\nSo, she had a total after depositing her money: $170 + $120 = $290.\nNow, Emma has $290 in her bank account.\n#### 290\n"}, {"text": "\nAfter withdrawing money, Emma was left with $230 - $60 = $170.\nThe next week, she deposited 2 * $60 = $120.\nSo, she was able to add $120 + the remaining balance from the previous week = $120 + $170 = $290.\nTherefore, after the withdrawal and deposit, Emma's bank account is now $290.\n#### 290\n", "depth": 1, "full_text": "[MATH_TASK] Problem:\nEmma has saved $230 in her bank account. She withdrew $60 to buy a new pair of shoes. The next week, she deposited twice as much money as she withdrew. How much is in her bank account now?\n\nSolution:\nAfter withdrawing money, Emma was left with $230 - $60 = $170.\nThe next week, she deposited 2 * $60 = $120.\nSo, she was able to add $120 + the remaining balance from the previous week = $120 + $170 = $290.\nTherefore, after the withdrawal and deposit, Emma's bank account is now $290.\n#### 290\n", "stop_text": null, "finish_reason": "stop", "cot_probs": -10.34312967211008, "len_probs": 112, "answer": "\nAfter withdrawing money, Emma was left with $230 - $60 = $170.\nThe next week, she deposited 2 * $60 = $120.\nSo, she was able to add $120 + the remaining balance from the previous week = $120 + $170 = $290.\nTherefore, after the withdrawal and deposit, Emma's bank account is now $290.\n#### 290\n"}, {"text": "\nAfter withdrawing money, Emma had $230 - $60 = $170.\nEmma deposited $60 x 2 = $120 the next week.\nSo, she had a total money after depositing, $170 + $120 = $290.\nTherefore, now she has $290 in her bank account.\nThus, the total amount of money in her bank account is $290.\n#### 290\n", "depth": 1, "full_text": "[MATH_TASK] Problem:\nEmma has saved $230 in her bank account. She withdrew $60 to buy a new pair of shoes. The next week, she deposited twice as much money as she withdrew. How much is in her bank account now?\n\nSolution:\nAfter withdrawing money, Emma had $230 - $60 = $170.\nEmma deposited $60 x 2 = $120 the next week.\nSo, she had a total money after depositing, $170 + $120 = $290.\nTherefore, now she has $290 in her bank account.\nThus, the total amount of money in her bank account is $290.\n#### 290\n", "stop_text": null, "finish_reason": "stop", "cot_probs": -10.912729926407337, "len_probs": 112, "answer": "\nAfter withdrawing money, Emma had $230 - $60 = $170.\nEmma deposited $60 x 2 = $120 the next week.\nSo, she had a total money after depositing, $170 + $120 = $290.\nTherefore, now she has $290 in her bank account.\nThus, the total amount of money in her bank account is $290.\n#### 290\n"}, {"text": "\nAfter withdrawing money, Emma was left with $230 - $60 = $170.\nEmma then deposited $60 x 2 = $120 into her bank account.\nSo, she has a total now $170 + $120 = $290.\nTherefore her current balance is $290.\n#### 290\n", "depth": 1, "full_text": "[MATH_TASK] Problem:\nEmma has saved $230 in her bank account. She withdrew $60 to buy a new pair of shoes. The next week, she deposited twice as much money as she withdrew. How much is in her bank account now?\n\nSolution:\nAfter withdrawing money, Emma was left with $230 - $60 = $170.\nEmma then deposited $60 x 2 = $120 into her bank account.\nSo, she has a total now $170 + $120 = $290.\nTherefore her current balance is $290.\n#### 290\n", "stop_text": null, "finish_reason": "stop", "cot_probs": -12.397525943815708, "len_probs": 89, "answer": "\nAfter withdrawing money, Emma was left with $230 - $60 = $170.\nEmma then deposited $60 x 2 = $120 into her bank account.\nSo, she has a total now $170 + $120 = $290.\nTherefore her current balance is $290.\n#### 290\n"}, {"text": "\nAfter withdrawing money, Emma was left with $230 - $60 = $170.\nShe then deposited $60 x 2 = $120 into her bank account.\nTherefore, after the deposit, she was able to have a total amount of $170 + $120 = $290.\nTherefore, after her deposit, Emma has $290 in her bank account.\n#### 290\n", "depth": 1, "full_text": "[MATH_TASK] Problem:\nEmma has saved $230 in her bank account. She withdrew $60 to buy a new pair of shoes. The next week, she deposited twice as much money as she withdrew. How much is in her bank account now?\n\nSolution:\nAfter withdrawing money, Emma was left with $230 - $60 = $170.\nShe then deposited $60 x 2 = $120 into her bank account.\nTherefore, after the deposit, she was able to have a total amount of $170 + $120 = $290.\nTherefore, after her deposit, Emma has $290 in her bank account.\n#### 290\n", "stop_text": null, "finish_reason": "stop", "cot_probs": -14.883789703249931, "len_probs": 106, "answer": "\nAfter withdrawing money, Emma was left with $230 - $60 = $170.\nShe then deposited $60 x 2 = $120 into her bank account.\nTherefore, after the deposit, she was able to have a total amount of $170 + $120 = $290.\nTherefore, after her deposit, Emma has $290 in her bank account.\n#### 290\n"}, {"text": "\nAfter withdrawing money, Emma had $230 - $60 = $170.\nShe then deposited 2 * $60 = $120.\nThus, after the deposit, she had the same amount as she had after withdrawing money, so now she has $170 + $120 = $290.\nTherefore, after the withdrawal and the deposit, Emma has $290 in her bank account.\n#### 290\n", "depth": 1, "full_text": "[MATH_TASK] Problem:\nEmma has saved $230 in her bank account. She withdrew $60 to buy a new pair of shoes. The next week, she deposited twice as much money as she withdrew. How much is in her bank account now?\n\nSolution:\nAfter withdrawing money, Emma had $230 - $60 = $170.\nShe then deposited 2 * $60 = $120.\nThus, after the deposit, she had the same amount as she had after withdrawing money, so now she has $170 + $120 = $290.\nTherefore, after the withdrawal and the deposit, Emma has $290 in her bank account.\n#### 290\n", "stop_text": null, "finish_reason": "stop", "cot_probs": -15.18176981806755, "len_probs": 112, "answer": "\nAfter withdrawing money, Emma had $230 - $60 = $170.\nShe then deposited 2 * $60 = $120.\nThus, after the deposit, she had the same amount as she had after withdrawing money, so now she has $170 + $120 = $290.\nTherefore, after the withdrawal and the deposit, Emma has $290 in her bank account.\n#### 290\n"}, {"text": "\nAfter withdrawing money, Emma was left with $230 - $60 = $170.\nShe then deposited 2 * $60 = $120.\nThus, after the deposit, Emma's bank account was left with $170 + $120 = $290.\nThe total amount in the bank account now is $290.\nSo, Emma has $290 in her bank account now.\n#### 290\n", "depth": 1, "full_text": "[MATH_TASK] Problem:\nEmma has saved $230 in her bank account. She withdrew $60 to buy a new pair of shoes. The next week, she deposited twice as much money as she withdrew. How much is in her bank account now?\n\nSolution:\nAfter withdrawing money, Emma was left with $230 - $60 = $170.\nShe then deposited 2 * $60 = $120.\nThus, after the deposit, Emma's bank account was left with $170 + $120 = $290.\nThe total amount in the bank account now is $290.\nSo, Emma has $290 in her bank account now.\n#### 290\n", "stop_text": null, "finish_reason": "stop", "cot_probs": -15.221966207027435, "len_probs": 111, "answer": "\nAfter withdrawing money, Emma was left with $230 - $60 = $170.\nShe then deposited 2 * $60 = $120.\nThus, after the deposit, Emma's bank account was left with $170 + $120 = $290.\nThe total amount in the bank account now is $290.\nSo, Emma has $290 in her bank account now.\n#### 290\n"}, {"text": "\nAfter withdrawing money, Emma had $230 - $60 = $170.\nThe next week, she deposited 2 * $60 = $120.\nSo, she was able to save a total of $170 + $120 = $290.\nTherefore now she has $290 in her bank account.\nHence, the total amount in her bank account is 290.\nTherefore the answer is $290.\n#### 290\n", "depth": 1, "full_text": "[MATH_TASK] Problem:\nEmma has saved $230 in her bank account. She withdrew $60 to buy a new pair of shoes. The next week, she deposited twice as much money as she withdrew. How much is in her bank account now?\n\nSolution:\nAfter withdrawing money, Emma had $230 - $60 = $170.\nThe next week, she deposited 2 * $60 = $120.\nSo, she was able to save a total of $170 + $120 = $290.\nTherefore now she has $290 in her bank account.\nHence, the total amount in her bank account is 290.\nTherefore the answer is $290.\n#### 290\n", "stop_text": null, "finish_reason": "stop", "cot_probs": -16.94952955842018, "len_probs": 119, "answer": "\nAfter withdrawing money, Emma had $230 - $60 = $170.\nThe next week, she deposited 2 * $60 = $120.\nSo, she was able to save a total of $170 + $120 = $290.\nTherefore now she has $290 in her bank account.\nHence, the total amount in her bank account is 290.\nTherefore the answer is $290.\n#### 290\n"}]}